,4547
